cargo 0.3523 13 12 26 21
cargo 0.0974 13 13 21 20
cargo 0.0945 9 12 34 21
cargo 0.0461 14 14 28 18
cargo 0.0427 0 43 6 44
cargo 0.0357 12 5 29 22
cargo 0.0330 38 43 45 44
cargo 0.0318 0 39 5 43
cargo 0.0293 11 12 20 23
cargo 0.0285 15 12 34 17
cargo 0.0266 -1 42 4 44
cargo 0.0261 3 43 10 44
cargo 0.0260 3 39 8 43
cargo 0.0260 13 9 25 27
cargo 0.0260 18 9 32 15
cargo 0.0258 7 43 14 44
cargo 0.0255 0 40 3 43
cargo 0.0253 12 12 44 40
cargo 0.0251 14 10 36 19
cargo 0.0249 11 43 18 45
cargo 0.0248 29 43 36 45
cargo 0.0247 17 43 24 45
cargo 0.0247 26 43 33 45
cargo 0.0247 33 43 39 45
cargo 0.0247 39 39 44 43
cargo 0.0246 39 44 45 44
cargo 0.0246 20 43 27 45
cargo 0.0246 17 11 26 17
cargo 0.0244 36 43 43 45
cargo 0.0244 16 8 26 20
cargo 0.0240 2 42 8 44
cargo 0.0234 41 42 45 44
cargo 0.0230 9 42 15 44
cargo 0.0230 14 42 19 44
cargo 0.0226 5 39 10 43
cargo 0.0225 12 39 17 43
cargo 0.0224 16 42 22 44
cargo 0.0223 18 42 24 44
cargo 0.0223 7 39 12 43
cargo 0.0221 10 39 14 43
cargo 0.0220 14 39 19 43
cargo 0.0220 32 42 37 44
cargo 0.0220 25 42 31 44
cargo 0.0220 23 42 28 44
cargo 0.0219 22 16 34 35
cargo 0.0219 36 39 41 43
cargo 0.0217 0 42 6 44
cargo 0.0213 16 39 21 43
cargo 0.0213 34 39 39 43
cargo 0.0212 18 39 23 43
cargo 0.0212 38 42 44 44
cargo 0.0212 21 39 26 43
cargo 0.0211 25 39 30 43
cargo 0.0211 27 39 32 43
cargo 0.0211 30 39 35 43
cargo 0.0211 23 39 28 43
cargo 0.0211 32 39 37 43
cargo 0.0209 30 -2 38 9
cargo 0.0205 31 1 37 5
cargo 0.0205 19 15 28 19
cargo 0.0203 0 36 6 46
cargo 0.0201 0 37 6 41
cargo 0.0200 16 15 29 21
cargo 0.0198 36 1 41 4
cargo 0.0197 34 1 39 4
cargo 0.0197 8 42 13 44
cargo 0.0197 11 42 16 44
cargo 0.0196 8 11 23 20
cargo 0.0195 5 42 11 44
cargo 0.0195 -1 27 30 55
cargo 0.0194 22 3 34 21
cargo 0.0194 29 42 34 44
cargo 0.0194 27 42 32 44
cargo 0.0193 21 42 26 44
cargo 0.0192 34 42 39 44
cargo 0.0191 36 42 41 44
cargo 0.0191 2 6 14 22
cargo 0.0189 39 15 44 18
cargo 0.0189 39 12 44 16
cargo 0.0188 30 25 38 39
cargo 0.0188 18 1 24 5
cargo 0.0187 18 27 51 55
cargo 0.0187 1 35 9 47
cargo 0.0186 2 3 8 7
cargo 0.0186 6 27 12 32
cargo 0.0186 13 1 42 24
cargo 0.0185 31 32 37 36
cargo 0.0185 13 1 20 5
cargo 0.0185 3 37 8 41
cargo 0.0185 16 1 22 5
cargo 0.0184 11 1 17 5
cargo 0.0184 33 7 39 12
cargo 0.0183 36 12 42 16
cargo 0.0182 36 8 42 11
cargo 0.0182 39 17 44 20
cargo 0.0181 39 6 44 9
cargo 0.0181 36 14 42 18
cargo 0.0181 35 35 43 47
cargo 0.0181 0 43 2 45
cargo 0.0181 19 17 28 22
tanker 0.7519 12 13 24 20
tanker 0.4381 13 11 26 23
tanker 0.1578 11 12 20 23
tanker 0.0640 15 10 24 30
tanker 0.0464 9 12 34 21
tanker 0.0396 12 5 29 22
tanker 0.0365 14 14 28 18
tanker 0.0315 15 11 22 20
tanker 0.0264 0 42 6 44
tanker 0.0259 14 8 27 19
tanker 0.0250 15 16 25 26
tanker 0.0239 16 14 30 32
tanker 0.0239 0 40 3 43
tanker 0.0227 0 39 5 43
tanker 0.0225 12 10 20 19
tanker 0.0215 17 17 28 29
tanker 0.0215 22 16 34 35
tanker 0.0215 0 5 6 9
tanker 0.0214 17 6 34 19
tanker 0.0203 12 12 44 40
tanker 0.0201 0 43 4 44
tanker 0.0197 18 9 32 15
tanker 0.0197 0 8 6 11
tanker 0.0191 -2 37 4 46
tanker 0.0189 24 22 32 29
tanker 0.0185 17 11 26 17
tanker 0.0183 15 12 34 17
tanker 0.0182 11 42 17 44
tanker 0.0181 3 39 8 43
tanker 0.0177 5 42 10 44
tanker 0.0177 39 39 44 43
tanker 0.0177 11 23 17 29
tanker 0.0176 9 42 15 44
tanker 0.0176 12 12 18 19
tanker 0.0175 5 43 13 44
tanker 0.0175 14 42 19 44
tanker 0.0174 2 43 9 44
tanker 0.0173 2 3 8 7
tanker 0.0172 2 42 8 44
tanker 0.0171 38 43 45 44
tanker 0.0171 14 18 18 21
tanker 0.0171 13 14 20 20
tanker 0.0170 16 42 22 44
tanker 0.0169 10 9 18 21
tanker 0.0169 18 42 24 44
tanker 0.0168 6 27 12 32
tanker 0.0167 11 25 17 30
tanker 0.0167 29 42 35 44
tanker 0.0167 34 42 40 44
tanker 0.0167 36 42 42 44
tanker 0.0167 20 42 26 44
tanker 0.0166 25 42 31 44
tanker 0.0166 32 42 37 44
tanker 0.0166 23 42 28 44
tanker 0.0166 27 42 33 44
tanker 0.0165 13 14 17 23
tanker 0.0164 16 13 22 26
tanker 0.0163 15 18 54 46
tanker 0.0163 13 1 42 24
tanker 0.0163 15 43 21 45
tanker 0.0162 18 14 29 24
tanker 0.0162 12 39 17 43
tanker 0.0162 19 43 26 45
tanker 0.0161 5 39 10 43
tanker 0.0161 -1 12 3 17
tanker 0.0160 16 15 23 20
tanker 0.0160 -1 20 3 26
tanker 0.0160 -1 0 4 3
tanker 0.0159 14 39 19 43
tanker 0.0159 27 1 33 5
tanker 0.0159 7 39 12 43
tanker 0.0159 -1 18 3 23
tanker 0.0159 10 39 14 43
tanker 0.0159 19 17 28 22
tanker 0.0158 36 39 41 43
tanker 0.0156 1 21 6 25
tanker 0.0156 -1 14 3 19
tanker 0.0156 31 1 37 5
tanker 0.0156 1 10 6 13
tanker 0.0156 30 -2 38 9
tanker 0.0156 -1 9 3 14
tanker 0.0156 -1 16 3 21
tanker 0.0155 13 17 17 20
tanker 0.0155 0 3 6 7
tanker 0.0155 16 39 21 43
tanker 0.0155 44 1 45 3
tanker 0.0154 30 23 38 36
tanker 0.0154 31 30 37 34
tanker 0.0154 9 23 15 29
tanker 0.0154 18 39 23 43
tanker 0.0153 29 1 35 5
tanker 0.0153 1 23 6 27
tanker 0.0153 31 32 37 36
tanker 0.0153 34 39 39 43
tanker 0.0153 1 12 6 16
tanker 0.0152 21 8 35 25
tanker 0.0152 21 39 26 43
tanker 0.0152 33 7 39 12
tanker 0.0152 32 39 37 43
tanker 0.0152 27 39 32 43
Tug 0.2776 11 13 23 20
Tug 0.0952 13 11 25 23
Tug 0.0259 12 12 44 40
Tug 0.0251 22 16 34 35
Tug 0.0225 22 3 34 21
Tug 0.0224 12 13 18 22
Tug 0.0224 30 -2 38 9
Tug 0.0221 0 39 5 43
Tug 0.0210 30 25 38 39
Tug 0.0201 13 1 42 24
Tug 0.0198 12 5 29 22
Tug 0.0191 0 40 3 43
Tug 0.0190 0 36 6 46
Tug 0.0188 30 21 38 34
Tug 0.0185 31 30 37 34
Tug 0.0185 0 1 7 14
Tug 0.0181 39 39 44 43
Tug 0.0180 30 0 38 14
Tug 0.0180 18 9 32 15
Tug 0.0180 31 32 37 36
Tug 0.0180 3 39 8 43
Tug 0.0177 31 1 37 5
Tug 0.0176 32 3 40 16
Tug 0.0175 33 7 39 12
Tug 0.0175 5 -1 15 16
Tug 0.0174 33 28 40 32
Tug 0.0173 0 37 6 41
Tug 0.0172 0 0 10 12
Tug 0.0172 34 5 39 9
Tug 0.0171 32 23 41 37
Tug 0.0171 24 22 32 29
Tug 0.0171 31 28 38 32
Tug 0.0171 12 39 17 43
Tug 0.0170 33 10 40 14
Tug 0.0170 32 7 41 21
Tug 0.0169 27 1 33 5
Tug 0.0168 14 39 19 43
Tug 0.0168 33 12 40 16
Tug 0.0168 5 39 10 43
Tug 0.0168 36 12 42 16
Tug 0.0167 10 39 14 43
Tug 0.0167 36 14 42 18
Tug 0.0167 29 1 35 5
Tug 0.0167 33 25 40 30
Tug 0.0166 7 39 12 43
Tug 0.0166 2 3 8 7
Tug 0.0166 33 14 40 18
Tug 0.0166 33 30 40 34
Tug 0.0165 36 39 41 43
Tug 0.0165 36 17 42 20
Tug 0.0165 36 8 42 11
Tug 0.0164 32 12 41 25
Tug 0.0164 16 39 21 43
Tug 0.0164 33 16 40 21
Tug 0.0164 1 35 9 47
Tug 0.0164 33 23 40 27
Tug 0.0163 0 5 6 9
Tug 0.0163 32 16 41 30
Tug 0.0163 36 10 42 14
Tug 0.0163 18 39 23 43
Tug 0.0162 33 19 40 23
Tug 0.0162 15 18 54 46
Tug 0.0162 21 39 26 43
Tug 0.0162 34 39 39 43
Tug 0.0162 36 19 42 23
Tug 0.0161 31 3 38 7
Tug 0.0161 39 15 44 18
Tug 0.0161 9 -1 19 13
Tug 0.0161 25 39 30 43
Tug 0.0161 32 39 37 43
Tug 0.0161 36 5 42 9
Tug 0.0161 27 39 32 43
Tug 0.0161 10 35 18 48
Tug 0.0161 23 39 28 43
Tug 0.0161 18 1 24 5
Tug 0.0160 30 39 35 43
Tug 0.0160 11 42 17 44
Tug 0.0160 33 21 40 25
Tug 0.0160 1 15 27 41
Tug 0.0160 39 12 44 16
Tug 0.0160 35 35 43 47
Tug 0.0159 16 14 30 37
Tug 0.0158 36 35 42 38
Tug 0.0158 4 35 11 47
Tug 0.0158 0 42 6 44
Tug 0.0158 9 10 19 22
Tug 0.0157 36 21 42 25
Tug 0.0157 16 1 22 5
Tug 0.0157 11 1 17 5
Tug 0.0157 14 42 19 44
Tug 0.0156 3 37 8 41
Tug 0.0156 36 28 42 32
Tug 0.0156 2 3 13 20
Tug 0.0156 15 35 23 48
Tug 0.0156 9 1 15 5
Tug 0.0156 34 1 39 4
Tug 0.0156 13 1 20 5
Tug 0.0155 36 1 41 4
Tug 0.0155 0 27 7 41
Tug 0.0155 36 23 42 27
