cargo 0.8359 25 33 48 45
cargo 0.1230 28 34 41 44
cargo 0.0768 14 33 50 87
cargo 0.0637 27 40 53 79
cargo 0.0517 16 41 41 79
cargo 0.0494 30 48 51 70
cargo 0.0444 0 75 7 76
cargo 0.0438 26 32 68 88
cargo 0.0412 22 48 43 71
cargo 0.0393 16 51 33 67
cargo 0.0392 36 41 59 78
cargo 0.0338 38 50 56 68
cargo 0.0332 54 38 66 49
cargo 0.0331 30 34 54 49
cargo 0.0329 61 27 73 36
cargo 0.0328 61 35 73 44
cargo 0.0327 61 31 73 40
cargo 0.0327 61 42 73 51
cargo 0.0325 61 39 73 48
cargo 0.0318 11 45 30 74
cargo 0.0314 67 75 77 76
cargo 0.0302 70 73 78 76
cargo 0.0300 61 46 73 55
cargo 0.0299 58 23 75 50
cargo 0.0297 0 74 4 76
cargo 0.0294 59 34 75 62
cargo 0.0293 26 15 38 26
cargo 0.0292 53 42 65 53
cargo 0.0291 1 73 9 76
cargo 0.0291 54 36 65 44
cargo 0.0289 58 24 69 32
cargo 0.0289 14 54 27 65
cargo 0.0287 50 30 70 57
cargo 0.0283 16 55 25 70
cargo 0.0282 21 51 36 82
cargo 0.0279 29 7 105 57
cargo 0.0279 32 50 48 83
cargo 0.0276 25 34 36 43
cargo 0.0275 20 54 30 72
cargo 0.0273 6 -1 58 43
cargo 0.0271 22 15 34 25
cargo 0.0262 19 15 30 25
cargo 0.0262 62 51 72 59
cargo 0.0262 21 7 43 34
cargo 0.0253 62 24 73 32
cargo 0.0251 36 24 82 72
cargo 0.0248 47 20 62 29
cargo 0.0247 0 2 10 8
cargo 0.0244 -1 68 6 74
cargo 0.0243 62 12 72 21
cargo 0.0242 14 7 35 34
cargo 0.0242 -1 73 6 76
cargo 0.0239 55 12 72 44
cargo 0.0238 66 73 76 76
cargo 0.0237 60 6 74 28
cargo 0.0237 -2 75 5 76
cargo 0.0234 66 10 76 16
cargo 0.0234 57 42 69 53
cargo 0.0234 31 51 42 75
cargo 0.0234 47 41 62 54
cargo 0.0233 53 23 64 33
cargo 0.0232 4 2 13 8
cargo 0.0232 58 46 69 56
cargo 0.0231 54 31 64 40
cargo 0.0230 2 3 17 22
cargo 0.0229 41 9 62 41
cargo 0.0226 11 18 23 31
cargo 0.0224 24 59 34 74
cargo 0.0223 6 14 29 52
cargo 0.0222 36 9 44 16
cargo 0.0221 4 9 14 16
cargo 0.0220 38 15 50 26
cargo 0.0219 54 20 65 29
cargo 0.0218 39 52 49 74
cargo 0.0218 8 2 17 8
cargo 0.0218 33 9 40 16
cargo 0.0217 29 9 36 16
cargo 0.0217 66 13 76 21
cargo 0.0216 40 9 48 16
cargo 0.0215 11 55 23 64
cargo 0.0214 44 8 52 16
cargo 0.0213 25 9 32 16
cargo 0.0211 48 9 56 16
cargo 0.0211 32 6 56 35
cargo 0.0210 0 75 3 77
cargo 0.0210 29 32 34 43
cargo 0.0209 59 20 69 29
cargo 0.0209 35 58 46 74
cargo 0.0206 12 2 21 8
cargo 0.0206 31 2 40 8
cargo 0.0205 43 2 52 8
cargo 0.0205 24 2 33 8
cargo 0.0205 39 2 48 8
cargo 0.0205 35 2 44 8
cargo 0.0205 62 73 72 76
cargo 0.0205 -10 36 45 83
cargo 0.0205 27 2 37 8
cargo 0.0204 75 2 77 7
cargo 0.0204 21 9 29 16
cargo 0.0203 37 -4 96 38
tanker 0.7374 25 33 44 43
tanker 0.3776 23 33 58 46
tanker 0.1012 25 34 36 43
tanker 0.0776 33 33 54 50
tanker 0.0655 28 30 49 44
tanker 0.0566 0 75 7 76
tanker 0.0480 67 75 77 76
tanker 0.0281 0 74 4 76
tanker 0.0280 0 75 10 76
tanker 0.0261 28 31 39 42
tanker 0.0253 69 75 77 76
tanker 0.0252 3 75 15 76
tanker 0.0248 61 42 73 51
tanker 0.0247 29 32 34 43
tanker 0.0247 61 27 73 36
tanker 0.0245 61 35 73 44
tanker 0.0244 61 39 73 48
tanker 0.0243 61 31 73 40
tanker 0.0242 22 33 58 87
tanker 0.0239 -2 75 5 76
tanker 0.0238 11 75 23 76
tanker 0.0235 0 74 8 77
tanker 0.0234 -1 68 6 74
tanker 0.0233 2 75 14 76
tanker 0.0233 50 30 70 57
tanker 0.0228 24 30 37 42
tanker 0.0227 13 75 24 76
tanker 0.0226 7 45 51 88
tanker 0.0224 61 75 72 76
tanker 0.0224 -2 75 2 76
tanker 0.0223 29 7 105 57
tanker 0.0222 60 76 71 76
tanker 0.0221 32 75 43 76
tanker 0.0221 54 38 66 49
tanker 0.0220 31 75 43 76
tanker 0.0219 61 46 73 55
tanker 0.0217 18 75 30 76
tanker 0.0217 71 74 78 76
tanker 0.0216 6 75 18 76
tanker 0.0216 19 75 31 76
tanker 0.0215 64 75 75 76
tanker 0.0214 20 34 32 40
tanker 0.0214 35 75 46 76
tanker 0.0213 22 76 34 76
tanker 0.0211 36 50 51 83
tanker 0.0211 31 32 45 47
tanker 0.0211 21 51 36 82
tanker 0.0205 45 75 57 76
tanker 0.0205 54 36 65 44
tanker 0.0205 62 24 73 32
tanker 0.0205 28 50 44 83
tanker 0.0203 6 -1 58 43
tanker 0.0203 47 75 59 76
tanker 0.0203 36 75 47 76
tanker 0.0203 23 33 28 41
tanker 0.0201 70 73 78 76
tanker 0.0201 30 26 104 76
tanker 0.0201 38 76 50 76
tanker 0.0198 51 76 63 76
tanker 0.0198 62 12 72 21
tanker 0.0197 27 75 39 76
tanker 0.0196 23 75 35 76
tanker 0.0196 73 75 79 77
tanker 0.0196 56 75 67 76
tanker 0.0194 71 0 79 1
tanker 0.0194 20 30 32 44
tanker 0.0193 28 75 40 76
tanker 0.0193 -4 62 8 80
tanker 0.0190 -1 73 6 76
tanker 0.0190 51 75 63 76
tanker 0.0190 43 75 55 76
tanker 0.0190 40 75 51 76
tanker 0.0190 21 7 43 34
tanker 0.0188 0 73 4 77
tanker 0.0188 -11 11 46 55
tanker 0.0187 57 42 69 53
tanker 0.0187 53 42 65 53
tanker 0.0186 58 27 75 54
tanker 0.0186 75 3 77 5
tanker 0.0186 -2 0 7 4
tanker 0.0186 62 51 72 59
tanker 0.0184 75 72 77 76
tanker 0.0182 58 46 69 56
tanker 0.0180 75 4 77 6
tanker 0.0180 75 2 77 7
tanker 0.0175 75 70 77 72
tanker 0.0175 0 0 11 4
tanker 0.0173 75 12 77 14
tanker 0.0173 17 51 19 58
tanker 0.0172 62 16 72 25
tanker 0.0172 59 38 75 65
tanker 0.0172 74 0 78 5
tanker 0.0172 75 10 77 12
tanker 0.0172 0 75 3 77
tanker 0.0172 75 8 77 13
tanker 0.0172 45 31 59 47
tanker 0.0171 0 2 10 8
tanker 0.0171 14 7 35 34
tanker 0.0171 60 6 74 28
tanker 0.0171 5 17 13 24
Tug 0.2015 24 34 41 43
Tug 0.0632 23 33 53 45
Tug 0.0281 61 35 73 44
Tug 0.0277 61 31 73 40
Tug 0.0274 61 39 73 48
Tug 0.0273 30 32 44 44
Tug 0.0273 61 42 73 51
Tug 0.0272 21 7 43 34
Tug 0.0268 7 45 51 88
Tug 0.0268 61 27 73 36
Tug 0.0257 6 -1 58 43
Tug 0.0255 58 23 75 50
Tug 0.0255 22 33 58 87
Tug 0.0255 21 51 36 82
Tug 0.0253 29 7 105 57
Tug 0.0251 59 34 75 62
Tug 0.0248 50 30 70 57
Tug 0.0248 60 6 74 28
Tug 0.0248 26 15 38 26
Tug 0.0247 36 50 51 83
Tug 0.0246 61 46 73 55
Tug 0.0245 14 7 35 34
Tug 0.0240 28 50 44 83
Tug 0.0237 22 15 34 25
Tug 0.0231 36 24 82 72
Tug 0.0231 19 15 30 25
Tug 0.0228 62 12 72 21
Tug 0.0227 62 51 72 59
Tug 0.0227 2 3 17 22
Tug 0.0218 54 38 66 49
Tug 0.0215 -1 68 6 74
Tug 0.0214 62 24 73 32
Tug 0.0204 32 6 56 35
Tug 0.0203 62 55 72 63
Tug 0.0202 66 13 76 21
Tug 0.0202 59 48 75 71
Tug 0.0201 62 16 72 25
Tug 0.0200 66 10 76 16
Tug 0.0198 -4 62 8 80
Tug 0.0194 37 -4 96 38
Tug 0.0194 4 9 14 16
Tug 0.0192 -17 -6 36 39
Tug 0.0190 53 42 65 53
Tug 0.0189 63 51 78 75
Tug 0.0188 54 36 65 44
Tug 0.0188 65 59 76 67
Tug 0.0185 -11 11 46 55
Tug 0.0184 56 4 70 31
Tug 0.0184 48 9 56 16
Tug 0.0183 42 0 54 26
Tug 0.0183 31 41 56 78
Tug 0.0182 0 2 10 8
Tug 0.0182 34 0 47 26
Tug 0.0181 67 14 81 35
Tug 0.0181 67 33 81 54
Tug 0.0180 36 9 44 16
Tug 0.0180 44 8 52 16
Tug 0.0180 67 26 81 47
Tug 0.0178 32 34 102 83
Tug 0.0178 40 9 48 16
Tug 0.0178 29 9 36 16
Tug 0.0177 33 33 54 50
Tug 0.0177 25 9 32 16
Tug 0.0177 33 9 40 16
Tug 0.0176 67 41 81 62
Tug 0.0176 26 0 39 26
Tug 0.0176 64 2 77 24
Tug 0.0175 4 2 13 8
Tug 0.0175 2 11 16 31
Tug 0.0175 38 15 50 26
Tug 0.0172 17 9 25 16
Tug 0.0172 21 9 29 16
Tug 0.0171 11 18 23 31
Tug 0.0171 12 52 29 81
Tug 0.0170 58 12 68 21
Tug 0.0168 4 13 14 20
Tug 0.0168 19 0 31 26
Tug 0.0168 8 2 17 8
Tug 0.0168 15 15 26 25
Tug 0.0168 24 59 34 74
Tug 0.0167 63 9 78 32
Tug 0.0166 49 12 70 44
Tug 0.0166 58 46 69 56
Tug 0.0166 2 -3 15 15
Tug 0.0165 59 5 68 13
Tug 0.0163 0 6 10 12
Tug 0.0163 57 42 69 53
Tug 0.0162 39 59 49 74
Tug 0.0162 13 9 21 16
Tug 0.0161 58 24 69 32
Tug 0.0161 51 9 60 16
Tug 0.0160 56 20 61 35
Tug 0.0159 1 68 10 74
Tug 0.0159 69 21 80 28
Tug 0.0159 60 19 64 32
Tug 0.0158 -10 36 45 83
Tug 0.0158 67 49 82 70
Tug 0.0158 31 2 40 8
Tug 0.0158 24 2 33 8
Tug 0.0158 27 2 37 8
