cargo 0.8818 23 28 45 40
cargo 0.0666 27 29 39 42
cargo 0.0411 -1 66 9 68
cargo 0.0352 39 52 52 62
cargo 0.0301 59 66 69 69
cargo 0.0294 33 51 45 62
cargo 0.0288 11 48 33 59
cargo 0.0282 63 65 70 68
cargo 0.0277 1 61 8 66
cargo 0.0276 60 61 68 66
cargo 0.0276 26 6 53 38
cargo 0.0270 46 65 54 68
cargo 0.0267 49 65 57 68
cargo 0.0263 42 65 51 68
cargo 0.0261 28 65 37 68
cargo 0.0260 33 45 46 75
cargo 0.0259 25 65 33 68
cargo 0.0259 32 65 40 68
cargo 0.0258 39 65 47 68
cargo 0.0258 26 45 39 75
cargo 0.0258 21 65 30 68
cargo 0.0257 35 65 44 68
cargo 0.0254 44 52 54 61
cargo 0.0254 7 66 18 68
cargo 0.0254 17 21 57 42
cargo 0.0252 0 2 9 7
cargo 0.0251 0 65 8 67
cargo 0.0250 4 66 14 68
cargo 0.0246 56 65 64 68
cargo 0.0246 26 51 38 63
cargo 0.0245 -1 61 5 66
cargo 0.0243 18 65 27 68
cargo 0.0241 51 66 61 69
cargo 0.0239 58 55 69 72
cargo 0.0238 12 40 54 80
cargo 0.0236 58 65 67 68
cargo 0.0236 53 65 61 68
cargo 0.0232 37 41 54 72
cargo 0.0230 19 50 31 64
cargo 0.0228 37 66 47 69
cargo 0.0228 20 66 30 69
cargo 0.0226 16 66 26 69
cargo 0.0226 23 66 33 69
cargo 0.0226 26 66 36 69
cargo 0.0225 47 66 57 69
cargo 0.0225 11 66 21 69
cargo 0.0224 -1 65 5 68
cargo 0.0224 31 14 47 30
cargo 0.0222 4 2 12 7
cargo 0.0221 29 31 85 75
cargo 0.0221 30 66 40 69
cargo 0.0221 44 66 54 69
cargo 0.0221 33 66 43 69
cargo 0.0219 52 8 61 15
cargo 0.0218 40 66 50 69
cargo 0.0216 31 27 45 34
cargo 0.0212 42 45 85 80
cargo 0.0210 54 66 64 69
cargo 0.0210 17 37 41 70
cargo 0.0207 57 61 64 66
cargo 0.0206 5 60 12 66
cargo 0.0201 0 0 10 4
cargo 0.0200 50 1 63 22
cargo 0.0198 62 19 71 24
cargo 0.0198 55 8 64 15
cargo 0.0197 15 40 28 55
cargo 0.0197 18 45 33 75
cargo 0.0196 48 8 58 15
cargo 0.0195 37 33 53 37
cargo 0.0194 62 23 71 28
cargo 0.0193 39 37 55 41
cargo 0.0192 49 40 65 67
cargo 0.0192 48 2 57 7
cargo 0.0190 0 66 2 69
cargo 0.0190 7 64 15 68
cargo 0.0189 14 65 23 68
cargo 0.0189 28 2 37 7
cargo 0.0188 62 12 71 18
cargo 0.0188 62 26 71 31
cargo 0.0187 24 2 33 7
cargo 0.0187 62 50 71 56
cargo 0.0187 62 37 71 42
cargo 0.0187 62 30 71 35
cargo 0.0187 30 53 40 62
cargo 0.0186 38 2 47 7
cargo 0.0186 -17 24 41 62
cargo 0.0186 10 2 20 7
cargo 0.0186 34 2 44 7
cargo 0.0186 28 23 44 38
cargo 0.0186 21 2 30 7
cargo 0.0186 62 40 71 45
cargo 0.0186 36 34 56 58
cargo 0.0185 20 47 37 61
cargo 0.0185 17 2 26 7
cargo 0.0185 62 33 71 38
cargo 0.0185 52 2 60 7
cargo 0.0185 14 2 23 7
cargo 0.0185 31 2 40 7
cargo 0.0185 3 65 11 68
cargo 0.0185 62 44 71 49
tanker 0.4295 22 27 43 40
tanker 0.0554 27 26 47 45
tanker 0.0297 28 23 44 38
tanker 0.0260 27 29 39 42
tanker 0.0258 17 21 57 42
tanker 0.0255 24 26 40 36
tanker 0.0239 -1 61 5 66
tanker 0.0220 0 65 9 68
tanker 0.0206 1 61 8 66
tanker 0.0206 21 9 38 44
tanker 0.0194 31 27 45 34
tanker 0.0194 -1 66 7 68
tanker 0.0191 -3 56 7 71
tanker 0.0190 60 61 68 66
tanker 0.0188 16 19 37 41
tanker 0.0187 0 66 11 68
tanker 0.0186 -2 0 6 4
tanker 0.0185 22 28 27 35
tanker 0.0182 19 3 59 42
tanker 0.0180 59 66 69 69
tanker 0.0179 22 22 34 38
tanker 0.0178 25 29 37 37
tanker 0.0177 20 25 30 37
tanker 0.0177 0 50 10 56
tanker 0.0177 45 17 54 27
tanker 0.0176 41 7 58 36
tanker 0.0176 6 48 12 67
tanker 0.0175 44 52 54 61
tanker 0.0175 49 65 57 68
tanker 0.0175 57 61 64 66
tanker 0.0173 46 65 54 68
tanker 0.0173 51 56 53 65
tanker 0.0172 42 38 65 68
tanker 0.0171 52 11 61 19
tanker 0.0171 52 8 61 15
tanker 0.0170 21 27 25 33
tanker 0.0170 20 29 29 34
tanker 0.0168 38 33 47 39
tanker 0.0168 56 65 64 68
tanker 0.0167 24 28 29 35
tanker 0.0166 42 65 51 68
tanker 0.0165 58 55 69 72
tanker 0.0164 33 31 43 55
tanker 0.0164 25 65 33 68
tanker 0.0163 28 65 37 68
tanker 0.0163 0 2 9 7
tanker 0.0163 63 65 70 68
tanker 0.0163 17 29 29 36
tanker 0.0163 48 8 58 15
tanker 0.0162 49 57 55 64
tanker 0.0162 39 65 47 68
tanker 0.0162 50 53 55 68
tanker 0.0162 32 65 40 68
tanker 0.0161 11 21 39 66
tanker 0.0161 42 45 85 80
tanker 0.0161 35 29 63 43
tanker 0.0161 62 19 71 24
tanker 0.0161 35 65 44 68
tanker 0.0161 29 27 77 80
tanker 0.0160 26 -11 87 34
tanker 0.0160 53 65 61 68
tanker 0.0160 16 51 23 70
tanker 0.0160 4 66 14 68
tanker 0.0158 2 15 15 21
tanker 0.0158 39 19 61 40
tanker 0.0158 38 33 61 54
tanker 0.0158 30 26 42 32
tanker 0.0157 62 23 71 28
tanker 0.0157 24 31 29 39
tanker 0.0157 21 65 30 68
tanker 0.0156 22 27 34 34
tanker 0.0155 15 40 28 55
tanker 0.0155 40 36 50 39
tanker 0.0155 24 33 31 36
tanker 0.0155 -2 66 4 69
tanker 0.0155 28 44 31 50
tanker 0.0154 21 28 33 42
tanker 0.0154 0 54 10 59
tanker 0.0154 67 2 69 4
tanker 0.0153 19 27 27 32
tanker 0.0153 4 52 13 60
tanker 0.0153 3 0 13 4
tanker 0.0153 0 19 10 25
tanker 0.0153 59 53 68 59
tanker 0.0153 0 66 2 69
tanker 0.0152 62 50 71 56
tanker 0.0152 62 37 71 42
tanker 0.0152 62 30 71 35
tanker 0.0152 62 26 71 31
tanker 0.0152 52 57 55 65
tanker 0.0151 67 11 69 13
tanker 0.0151 62 40 71 45
tanker 0.0151 18 65 27 68
tanker 0.0151 60 65 68 68
tanker 0.0151 25 34 30 36
tanker 0.0151 67 10 69 12
tanker 0.0150 62 33 71 38
tanker 0.0150 62 44 71 49
tanker 0.0150 36 38 43 41
tanker 0.0149 55 53 64 59
Tug 0.0952 22 27 44 40
Tug 0.0221 58 55 69 72
Tug 0.0219 29 31 85 75
Tug 0.0210 1 61 8 66
Tug 0.0207 25 2 74 42
Tug 0.0206 -1 61 5 66
Tug 0.0200 50 1 63 22
Tug 0.0198 52 8 61 15
Tug 0.0196 60 61 68 66
Tug 0.0194 42 38 65 68
Tug 0.0193 0 8 16 29
Tug 0.0190 -3 56 7 71
Tug 0.0188 57 48 69 65
Tug 0.0185 1 41 15 64
Tug 0.0185 48 8 58 15
Tug 0.0182 0 2 9 7
Tug 0.0181 57 61 64 66
Tug 0.0179 45 17 54 27
Tug 0.0179 41 7 58 36
Tug 0.0177 55 8 64 15
Tug 0.0176 10 4 33 33
Tug 0.0176 0 50 10 56
Tug 0.0176 50 53 55 68
Tug 0.0174 6 -2 58 40
Tug 0.0174 0 19 10 25
Tug 0.0173 -17 24 41 62
Tug 0.0172 4 4 19 27
Tug 0.0172 52 11 61 19
Tug 0.0172 2 15 15 21
Tug 0.0172 62 19 71 24
Tug 0.0171 58 5 69 25
Tug 0.0168 62 23 71 28
Tug 0.0167 61 14 72 30
Tug 0.0166 23 -9 83 33
Tug 0.0165 25 4 47 33
Tug 0.0165 3 12 14 18
Tug 0.0164 16 51 23 70
Tug 0.0161 62 37 71 42
Tug 0.0161 -1 -2 10 12
Tug 0.0161 62 26 71 31
Tug 0.0161 62 50 71 56
Tug 0.0161 62 30 71 35
Tug 0.0161 4 2 12 7
Tug 0.0161 62 40 71 45
Tug 0.0160 49 65 57 68
Tug 0.0160 51 56 53 65
Tug 0.0160 2 -3 14 13
Tug 0.0160 62 44 71 49
Tug 0.0160 62 33 71 38
Tug 0.0159 61 31 72 47
Tug 0.0159 61 21 72 37
Tug 0.0158 61 45 72 61
Tug 0.0158 55 53 64 59
Tug 0.0158 56 65 64 68
Tug 0.0158 55 11 65 18
Tug 0.0158 48 43 56 58
Tug 0.0158 0 22 10 29
Tug 0.0157 61 38 72 54
Tug 0.0157 62 47 71 52
Tug 0.0157 0 36 16 56
Tug 0.0156 -15 -5 40 35
Tug 0.0156 52 48 61 58
Tug 0.0156 59 53 68 59
Tug 0.0155 51 53 56 69
Tug 0.0155 46 65 54 68
Tug 0.0155 7 21 12 25
Tug 0.0155 62 16 71 21
Tug 0.0155 39 8 44 24
Tug 0.0154 62 12 71 18
Tug 0.0154 0 54 10 59
Tug 0.0153 5 60 12 66
Tug 0.0152 37 8 43 24
Tug 0.0152 54 45 66 68
Tug 0.0152 6 48 12 67
Tug 0.0152 53 65 61 68
Tug 0.0151 7 22 12 27
Tug 0.0151 7 24 12 28
Tug 0.0151 62 54 71 59
Tug 0.0151 29 9 92 63
Tug 0.0151 48 2 57 7
Tug 0.0150 3 19 14 25
Tug 0.0150 49 46 55 62
Tug 0.0150 55 17 60 32
Tug 0.0150 7 16 12 30
Tug 0.0150 42 65 51 68
Tug 0.0149 13 11 15 17
Tug 0.0149 31 8 36 24
Tug 0.0149 33 4 53 32
Tug 0.0149 58 25 60 32
Tug 0.0149 3 9 13 14
Tug 0.0148 0 0 10 4
Tug 0.0148 4 52 13 60
Tug 0.0148 22 28 27 35
Tug 0.0148 52 57 55 65
Tug 0.0148 59 12 68 18
Tug 0.0148 28 2 37 7
Tug 0.0148 58 49 60 56
Tug 0.0148 42 45 85 80
Tug 0.0148 21 27 25 33
Tug 0.0148 41 8 46 24
