cargo 0.9593 25 18 43 49
cargo 0.7682 24 27 44 43
cargo 0.3913 24 15 40 38
cargo 0.1201 27 23 39 44
cargo 0.0848 30 28 41 46
cargo 0.0434 -1 62 8 64
cargo 0.0328 38 40 53 43
cargo 0.0313 38 36 53 40
cargo 0.0304 -1 62 7 64
cargo 0.0302 59 18 67 23
cargo 0.0299 38 38 53 41
cargo 0.0298 1 57 8 63
cargo 0.0296 36 20 49 23
cargo 0.0292 32 21 49 25
cargo 0.0287 32 28 49 32
cargo 0.0286 32 23 49 27
cargo 0.0274 32 30 49 33
cargo 0.0273 39 35 52 38
cargo 0.0271 39 41 53 44
cargo 0.0267 37 18 48 22
cargo 0.0266 0 53 8 59
cargo 0.0265 32 24 49 29
cargo 0.0265 3 62 13 64
cargo 0.0265 0 50 8 56
cargo 0.0261 7 36 47 78
cargo 0.0260 34 31 50 35
cargo 0.0259 42 18 49 22
cargo 0.0255 4 57 11 63
cargo 0.0252 35 26 50 30
cargo 0.0249 34 33 50 37
cargo 0.0248 59 15 67 20
cargo 0.0241 -1 58 5 62
cargo 0.0239 20 43 35 70
cargo 0.0238 42 17 49 20
cargo 0.0237 59 2 66 6
cargo 0.0230 38 23 50 26
cargo 0.0229 22 51 31 62
cargo 0.0223 59 5 66 10
cargo 0.0221 59 9 66 13
cargo 0.0221 58 13 67 28
cargo 0.0218 41 21 50 25
cargo 0.0217 30 26 47 35
cargo 0.0217 3 50 13 56
cargo 0.0217 38 17 47 20
cargo 0.0216 8 34 26 46
cargo 0.0214 40 33 51 36
cargo 0.0213 39 43 52 46
cargo 0.0213 41 15 50 25
cargo 0.0213 1 61 9 64
cargo 0.0212 59 12 66 17
cargo 0.0210 7 61 15 65
cargo 0.0209 18 52 29 61
cargo 0.0208 26 19 44 35
cargo 0.0207 43 15 49 19
cargo 0.0206 4 61 12 64
cargo 0.0205 59 21 67 27
cargo 0.0204 39 15 46 19
cargo 0.0203 44 19 51 24
cargo 0.0198 0 47 8 53
cargo 0.0198 -11 12 40 50
cargo 0.0198 42 11 49 22
cargo 0.0197 31 19 48 24
cargo 0.0197 0 62 2 65
cargo 0.0197 38 37 54 45
cargo 0.0195 22 39 27 43
cargo 0.0194 39 31 52 41
cargo 0.0193 -1 61 6 63
cargo 0.0192 20 6 23 8
cargo 0.0191 2 11 13 17
cargo 0.0188 0 45 10 61
cargo 0.0188 63 1 65 5
cargo 0.0186 1 61 4 64
cargo 0.0186 1 18 27 43
cargo 0.0186 19 6 22 8
cargo 0.0185 30 17 47 40
cargo 0.0184 33 15 48 25
cargo 0.0183 0 52 9 67
cargo 0.0183 62 0 65 4
cargo 0.0182 7 24 22 36
cargo 0.0182 -1 62 4 65
cargo 0.0181 2 14 13 20
cargo 0.0181 -16 33 32 71
cargo 0.0180 29 20 48 30
cargo 0.0179 59 24 67 30
cargo 0.0178 39 14 46 17
cargo 0.0178 63 3 65 8
cargo 0.0177 -3 53 6 66
cargo 0.0177 -16 -6 32 33
cargo 0.0175 20 7 22 9
cargo 0.0174 26 45 33 48
cargo 0.0174 43 18 52 28
cargo 0.0174 60 0 67 4
cargo 0.0173 45 20 50 26
cargo 0.0172 2 47 13 53
cargo 0.0172 6 53 16 59
cargo 0.0171 23 43 29 46
cargo 0.0171 14 3 26 12
cargo 0.0171 22 38 27 41
cargo 0.0170 43 22 51 27
cargo 0.0170 0 63 6 65
tanker 0.6220 24 16 41 36
tanker 0.3431 29 27 47 46
tanker 0.2874 26 20 44 44
tanker 0.0895 25 15 38 30
tanker 0.0281 21 14 50 31
tanker 0.0278 30 22 47 38
tanker 0.0267 42 21 49 24
tanker 0.0254 33 30 44 47
tanker 0.0247 42 19 49 22
tanker 0.0244 42 22 49 26
tanker 0.0240 34 34 50 39
tanker 0.0230 33 31 50 44
tanker 0.0230 0 62 8 64
tanker 0.0225 -1 58 5 62
tanker 0.0223 23 28 42 42
tanker 0.0216 42 18 48 21
tanker 0.0209 16 54 21 69
tanker 0.0208 34 30 48 54
tanker 0.0206 42 24 49 27
tanker 0.0205 1 57 8 63
tanker 0.0205 38 36 53 40
tanker 0.0203 2 11 13 17
tanker 0.0203 38 40 53 43
tanker 0.0202 32 23 49 27
tanker 0.0202 2 14 13 20
tanker 0.0202 18 52 29 61
tanker 0.0202 19 16 35 36
tanker 0.0201 44 19 51 24
tanker 0.0200 38 38 53 41
tanker 0.0200 28 17 38 24
tanker 0.0198 32 28 49 32
tanker 0.0198 -1 62 6 64
tanker 0.0196 27 20 36 28
tanker 0.0195 32 21 49 25
tanker 0.0195 32 28 49 38
tanker 0.0195 59 18 67 23
tanker 0.0194 33 20 49 23
tanker 0.0193 32 24 49 29
tanker 0.0191 41 15 50 25
tanker 0.0190 39 35 52 38
tanker 0.0190 44 18 51 22
tanker 0.0190 44 21 51 26
tanker 0.0188 29 30 41 53
tanker 0.0188 38 36 45 42
tanker 0.0188 32 30 49 33
tanker 0.0186 8 34 26 46
tanker 0.0185 32 25 49 34
tanker 0.0185 32 19 50 27
tanker 0.0183 5 23 16 30
tanker 0.0182 -3 53 6 66
tanker 0.0181 0 53 8 59
tanker 0.0180 40 20 51 29
tanker 0.0179 43 16 48 20
tanker 0.0179 41 19 48 22
tanker 0.0179 32 21 49 32
tanker 0.0178 63 2 65 4
tanker 0.0178 59 15 67 20
tanker 0.0177 16 59 20 66
tanker 0.0177 43 25 49 28
tanker 0.0176 25 34 38 51
tanker 0.0176 5 26 16 33
tanker 0.0175 22 51 31 62
tanker 0.0175 0 50 8 56
tanker 0.0175 43 22 51 27
tanker 0.0175 6 20 16 27
tanker 0.0175 43 17 48 19
tanker 0.0174 7 36 47 78
tanker 0.0173 3 50 13 56
tanker 0.0173 15 59 22 65
tanker 0.0172 34 19 48 22
tanker 0.0172 59 9 66 13
tanker 0.0171 59 5 66 10
tanker 0.0171 38 37 54 45
tanker 0.0171 2 8 13 14
tanker 0.0170 23 13 34 28
tanker 0.0169 63 3 65 5
tanker 0.0169 6 17 16 23
tanker 0.0167 59 2 66 6
tanker 0.0167 -2 0 6 4
tanker 0.0167 24 17 35 24
tanker 0.0167 4 57 11 63
tanker 0.0166 63 4 65 6
tanker 0.0166 43 20 49 23
tanker 0.0166 5 29 17 36
tanker 0.0166 37 33 51 36
tanker 0.0165 63 5 65 6
tanker 0.0165 39 40 47 45
tanker 0.0164 39 41 53 44
tanker 0.0164 2 17 13 23
tanker 0.0164 35 26 50 30
tanker 0.0164 40 20 47 23
tanker 0.0164 63 1 65 5
tanker 0.0163 38 23 50 26
tanker 0.0162 2 47 13 53
tanker 0.0162 6 8 16 13
tanker 0.0162 19 54 24 70
tanker 0.0161 38 34 53 42
tanker 0.0160 42 17 47 20
tanker 0.0160 -16 33 32 71
tanker 0.0160 44 16 51 20
Tug 0.2312 24 16 41 36
Tug 0.0888 29 28 47 46
Tug 0.0712 26 20 44 44
Tug 0.0237 25 15 38 30
Tug 0.0220 59 18 67 23
Tug 0.0218 0 50 8 56
Tug 0.0214 0 53 8 59
Tug 0.0212 7 36 47 78
Tug 0.0206 2 11 13 17
Tug 0.0205 1 57 8 63
Tug 0.0205 58 13 67 28
Tug 0.0201 2 14 13 20
Tug 0.0195 1 44 14 61
Tug 0.0195 59 15 67 20
Tug 0.0188 0 4 15 24
Tug 0.0187 7 -5 22 15
Tug 0.0185 3 50 13 56
Tug 0.0184 2 8 13 14
Tug 0.0182 59 9 66 13
Tug 0.0182 -1 58 5 62
Tug 0.0181 0 48 10 64
Tug 0.0180 4 57 11 63
Tug 0.0176 -3 53 6 66
Tug 0.0176 59 2 66 6
Tug 0.0174 59 5 66 10
Tug 0.0170 59 12 66 17
Tug 0.0170 46 11 52 23
Tug 0.0169 -16 -6 32 33
Tug 0.0167 2 47 13 53
Tug 0.0166 2 17 13 23
Tug 0.0164 58 4 67 18
Tug 0.0164 55 43 59 55
Tug 0.0164 2 -7 45 37
Tug 0.0162 43 14 51 26
Tug 0.0162 56 46 58 52
Tug 0.0162 20 43 35 70
Tug 0.0162 44 18 51 22
Tug 0.0161 56 49 58 56
Tug 0.0161 0 47 8 53
Tug 0.0160 9 1 19 7
Tug 0.0160 15 52 21 69
Tug 0.0160 -16 33 32 71
Tug 0.0158 26 32 88 81
Tug 0.0158 2 51 13 68
Tug 0.0158 4 17 18 36
Tug 0.0157 55 47 59 61
Tug 0.0157 2 21 13 26
Tug 0.0156 57 28 61 41
Tug 0.0156 59 21 67 27
Tug 0.0155 7 43 21 69
Tug 0.0155 0 10 16 30
Tug 0.0155 63 1 65 5
Tug 0.0154 56 18 58 25
Tug 0.0154 -11 -14 40 23
Tug 0.0154 49 35 55 50
Tug 0.0154 29 51 33 64
Tug 0.0153 2 24 13 30
Tug 0.0153 57 18 68 37
Tug 0.0153 56 15 59 28
Tug 0.0152 57 31 60 38
Tug 0.0152 44 8 50 22
Tug 0.0151 55 23 59 36
Tug 0.0151 16 59 20 66
Tug 0.0151 41 20 48 23
Tug 0.0151 30 51 35 64
Tug 0.0151 2 27 13 33
Tug 0.0151 4 1 18 21
Tug 0.0151 32 51 37 64
Tug 0.0151 34 51 38 64
Tug 0.0151 44 19 51 24
Tug 0.0150 63 2 65 4
Tug 0.0150 53 -3 65 12
Tug 0.0150 57 32 61 46
Tug 0.0150 6 8 16 13
Tug 0.0150 19 54 24 70
Tug 0.0150 6 4 16 10
Tug 0.0149 28 13 78 56
Tug 0.0149 48 15 54 28
Tug 0.0149 29 53 31 59
Tug 0.0149 2 30 13 36
Tug 0.0149 42 17 49 20
Tug 0.0148 4 46 17 66
Tug 0.0148 52 7 56 19
Tug 0.0148 -1 42 10 57
Tug 0.0148 6 53 16 59
Tug 0.0147 11 4 16 16
Tug 0.0147 57 34 68 53
Tug 0.0147 30 54 32 61
Tug 0.0146 0 62 8 64
Tug 0.0146 44 15 51 19
Tug 0.0146 27 51 32 64
Tug 0.0146 57 41 68 59
Tug 0.0145 57 36 60 43
Tug 0.0145 55 47 60 51
Tug 0.0145 63 3 65 7
Tug 0.0145 2 33 13 40
Tug 0.0145 0 20 16 40
Tug 0.0144 35 51 40 64
Tug 0.0144 39 51 43 64
Tug 0.0144 11 42 16 46
