cargo 0.1866 20 25 41 35
cargo 0.0420 0 58 8 60
cargo 0.0370 52 59 61 60
cargo 0.0322 44 58 54 61
cargo 0.0271 33 28 50 31
cargo 0.0269 49 59 58 61
cargo 0.0268 0 58 7 59
cargo 0.0259 53 60 61 60
cargo 0.0255 55 57 62 60
cargo 0.0254 0 57 7 60
cargo 0.0250 41 58 51 61
cargo 0.0250 28 14 54 33
cargo 0.0245 33 29 49 33
cargo 0.0243 6 13 15 19
cargo 0.0242 7 58 15 61
cargo 0.0240 30 18 52 29
cargo 0.0234 33 26 49 30
cargo 0.0231 51 57 59 60
cargo 0.0231 20 10 30 23
cargo 0.0229 -12 0 32 32
cargo 0.0228 4 8 16 25
cargo 0.0224 53 53 60 58
cargo 0.0222 12 7 40 40
cargo 0.0220 4 35 16 52
cargo 0.0219 -1 57 5 60
cargo 0.0219 37 58 46 61
cargo 0.0217 46 57 54 60
cargo 0.0213 49 57 56 60
cargo 0.0213 10 58 18 61
cargo 0.0212 34 58 43 61
cargo 0.0212 5 0 45 33
cargo 0.0211 44 57 51 60
cargo 0.0209 -1 54 4 59
cargo 0.0208 4 58 12 61
cargo 0.0207 22 9 47 38
cargo 0.0207 19 58 27 61
cargo 0.0206 4 16 17 35
cargo 0.0205 15 11 23 21
cargo 0.0204 15 4 36 28
cargo 0.0203 31 58 40 61
cargo 0.0201 16 58 24 61
cargo 0.0201 13 58 21 61
cargo 0.0201 3 17 11 22
cargo 0.0200 2 11 13 28
cargo 0.0200 22 58 30 61
cargo 0.0199 -13 9 40 43
cargo 0.0198 23 10 33 23
cargo 0.0198 47 1 59 20
cargo 0.0197 15 45 23 55
cargo 0.0194 26 26 55 43
cargo 0.0194 12 46 20 54
cargo 0.0193 49 53 56 59
cargo 0.0191 49 7 57 14
cargo 0.0190 25 58 33 61
cargo 0.0189 28 58 36 61
cargo 0.0189 0 0 9 3
cargo 0.0189 0 57 5 59
cargo 0.0189 24 47 32 55
cargo 0.0187 21 47 29 55
cargo 0.0187 52 51 60 55
cargo 0.0184 4 29 16 47
cargo 0.0184 3 22 17 41
cargo 0.0183 22 2 42 30
cargo 0.0183 34 30 49 35
cargo 0.0183 27 47 35 55
cargo 0.0182 32 25 47 28
cargo 0.0181 46 9 54 16
cargo 0.0180 0 23 8 28
cargo 0.0180 -1 59 5 60
cargo 0.0179 0 26 7 29
cargo 0.0179 -10 30 31 64
cargo 0.0179 1 39 13 61
cargo 0.0179 1 57 3 60
cargo 0.0177 1 25 14 44
cargo 0.0177 7 57 14 60
cargo 0.0177 11 38 27 62
cargo 0.0177 24 21 40 44
cargo 0.0176 41 57 48 60
cargo 0.0175 25 -8 80 28
cargo 0.0175 0 20 8 24
cargo 0.0174 5 23 11 26
cargo 0.0173 9 15 13 19
cargo 0.0173 1 53 8 59
cargo 0.0173 6 39 15 47
cargo 0.0173 0 2 7 7
cargo 0.0172 23 46 30 53
cargo 0.0172 56 58 59 61
cargo 0.0172 15 46 20 50
cargo 0.0172 18 47 26 55
cargo 0.0172 52 2 60 6
cargo 0.0171 32 31 47 44
cargo 0.0171 24 25 55 33
cargo 0.0170 27 10 36 23
cargo 0.0170 46 53 53 59
cargo 0.0170 3 46 11 53
cargo 0.0169 6 35 10 38
cargo 0.0169 13 57 20 60
cargo 0.0169 3 2 11 6
cargo 0.0168 39 43 44 46
cargo 0.0168 6 21 14 29
tanker 0.7784 21 24 41 35
tanker 0.0661 19 23 38 40
tanker 0.0546 19 21 47 34
tanker 0.0420 18 26 36 34
tanker 0.0318 24 25 35 36
tanker 0.0295 24 25 55 33
tanker 0.0274 24 22 38 32
tanker 0.0269 33 26 49 30
tanker 0.0268 33 28 50 31
tanker 0.0247 33 29 49 33
tanker 0.0247 33 23 49 33
tanker 0.0244 26 13 49 34
tanker 0.0243 6 13 15 19
tanker 0.0222 20 9 44 38
tanker 0.0212 23 27 31 34
tanker 0.0200 -1 54 4 59
tanker 0.0199 26 17 43 31
tanker 0.0193 -12 0 32 32
tanker 0.0191 -1 57 5 60
tanker 0.0190 14 17 38 37
tanker 0.0189 44 58 54 61
tanker 0.0187 34 29 46 42
tanker 0.0185 4 8 16 25
tanker 0.0183 32 25 47 28
tanker 0.0182 30 18 52 29
tanker 0.0181 52 44 60 50
tanker 0.0180 49 7 57 14
tanker 0.0180 34 30 49 35
tanker 0.0177 31 23 42 44
tanker 0.0176 3 46 11 53
tanker 0.0176 34 33 46 38
tanker 0.0175 22 24 34 30
tanker 0.0175 52 59 61 60
tanker 0.0174 25 0 32 1
tanker 0.0174 34 27 49 38
tanker 0.0173 -2 0 6 3
tanker 0.0172 41 42 42 47
tanker 0.0171 0 0 9 3
tanker 0.0170 3 17 11 22
tanker 0.0170 49 59 58 61
tanker 0.0168 39 42 41 47
tanker 0.0167 41 58 51 61
tanker 0.0167 46 57 54 60
tanker 0.0166 -3 49 6 63
tanker 0.0166 21 43 23 49
tanker 0.0166 22 43 24 49
tanker 0.0165 1 4 43 36
tanker 0.0165 3 43 12 50
tanker 0.0165 3 40 13 46
tanker 0.0165 24 43 26 49
tanker 0.0165 0 58 8 60
tanker 0.0161 29 28 51 41
tanker 0.0161 42 42 44 47
tanker 0.0161 25 43 27 49
tanker 0.0160 34 32 46 36
tanker 0.0160 13 46 19 53
tanker 0.0160 44 42 46 47
tanker 0.0160 16 39 18 44
tanker 0.0159 29 21 52 55
tanker 0.0159 50 39 61 55
tanker 0.0159 5 44 10 60
tanker 0.0159 15 46 20 50
tanker 0.0157 9 15 13 19
tanker 0.0157 -2 17 5 22
tanker 0.0155 17 41 19 45
tanker 0.0155 55 57 62 60
tanker 0.0154 25 -8 80 28
tanker 0.0154 38 43 42 47
tanker 0.0154 34 23 46 27
tanker 0.0153 27 43 29 49
tanker 0.0153 6 34 10 37
tanker 0.0152 37 31 49 37
tanker 0.0152 19 43 21 49
tanker 0.0152 25 26 39 39
tanker 0.0152 6 35 10 38
tanker 0.0152 51 17 53 23
tanker 0.0151 42 40 44 46
tanker 0.0151 0 20 8 24
tanker 0.0151 52 48 59 52
tanker 0.0150 33 20 46 30
tanker 0.0150 0 47 9 53
tanker 0.0149 -13 9 40 43
tanker 0.0149 28 43 30 49
tanker 0.0149 3 13 12 19
tanker 0.0149 17 39 19 44
tanker 0.0149 23 44 27 48
tanker 0.0148 60 56 61 57
tanker 0.0148 0 23 8 28
tanker 0.0148 32 32 42 39
tanker 0.0148 5 23 11 26
tanker 0.0148 38 26 51 42
tanker 0.0148 53 53 60 58
tanker 0.0147 7 33 9 38
tanker 0.0147 18 43 20 49
tanker 0.0147 6 24 10 28
tanker 0.0147 -1 58 3 61
tanker 0.0146 39 43 44 46
tanker 0.0146 21 20 31 33
tanker 0.0146 15 41 19 45
tanker 0.0146 24 44 29 48
Tug 0.2392 21 24 41 35
Tug 0.0270 4 8 16 25
Tug 0.0235 -12 0 32 32
Tug 0.0231 6 13 15 19
Tug 0.0216 47 1 59 20
Tug 0.0208 1 4 43 36
Tug 0.0205 2 11 13 28
Tug 0.0198 1 33 14 54
Tug 0.0198 49 7 57 14
Tug 0.0195 50 39 61 55
Tug 0.0182 25 -8 80 28
Tug 0.0180 -3 49 6 63
Tug 0.0180 3 17 11 22
Tug 0.0179 -1 54 4 59
Tug 0.0175 4 16 17 35
Tug 0.0174 1 25 14 44
Tug 0.0170 15 42 20 54
Tug 0.0169 9 15 13 19
Tug 0.0168 41 38 45 51
Tug 0.0168 9 12 13 23
Tug 0.0167 3 46 11 53
Tug 0.0167 6 19 10 30
Tug 0.0166 -13 9 40 43
Tug 0.0166 19 4 38 29
Tug 0.0166 5 23 11 26
Tug 0.0166 3 22 17 41
Tug 0.0165 3 13 12 19
Tug 0.0165 15 11 23 21
Tug 0.0164 20 9 44 38
Tug 0.0163 3 40 13 46
Tug 0.0163 50 14 55 26
Tug 0.0162 4 29 16 47
Tug 0.0162 3 43 12 50
Tug 0.0161 42 38 47 51
Tug 0.0161 6 24 10 28
Tug 0.0160 52 44 60 50
Tug 0.0160 19 21 47 34
Tug 0.0159 -1 18 10 33
Tug 0.0159 6 35 10 38
Tug 0.0159 41 42 42 47
Tug 0.0159 52 51 60 55
Tug 0.0158 20 10 30 23
Tug 0.0157 0 23 8 28
Tug 0.0157 53 53 60 58
Tug 0.0157 6 31 10 43
Tug 0.0157 15 46 20 50
Tug 0.0156 13 -2 56 36
Tug 0.0156 51 17 53 23
Tug 0.0155 52 29 56 42
Tug 0.0155 43 2 56 25
Tug 0.0155 46 9 54 16
Tug 0.0154 -10 30 31 64
Tug 0.0154 6 34 10 37
Tug 0.0153 1 -4 13 12
Tug 0.0153 0 47 9 53
Tug 0.0152 9 41 13 54
Tug 0.0152 46 57 54 60
Tug 0.0152 38 31 57 57
Tug 0.0152 25 22 69 66
Tug 0.0152 39 43 44 46
Tug 0.0151 39 42 41 47
Tug 0.0151 9 28 13 40
Tug 0.0151 13 0 26 20
Tug 0.0151 42 42 44 47
Tug 0.0151 52 13 56 27
Tug 0.0151 6 27 10 31
Tug 0.0150 24 43 26 49
Tug 0.0150 52 23 56 36
Tug 0.0150 5 40 10 55
Tug 0.0149 41 43 45 46
Tug 0.0149 -1 42 10 58
Tug 0.0148 0 10 9 16
Tug 0.0148 48 8 51 20
Tug 0.0148 49 7 52 21
Tug 0.0147 16 7 23 13
Tug 0.0147 23 10 33 23
Tug 0.0147 23 46 30 53
Tug 0.0147 6 32 10 35
Tug 0.0147 54 40 64 54
Tug 0.0147 38 38 42 51
Tug 0.0147 0 20 8 24
Tug 0.0147 49 10 58 17
Tug 0.0147 6 23 10 35
Tug 0.0147 22 43 24 49
Tug 0.0146 49 53 56 59
Tug 0.0146 -1 57 5 60
Tug 0.0146 44 42 46 47
Tug 0.0146 51 45 61 60
Tug 0.0145 50 18 55 22
Tug 0.0145 38 43 42 47
Tug 0.0145 21 43 23 49
Tug 0.0145 11 17 22 28
Tug 0.0145 0 0 9 3
Tug 0.0145 9 32 13 45
Tug 0.0145 7 33 9 38
Tug 0.0145 25 43 27 49
Tug 0.0145 50 11 52 17
Tug 0.0145 52 18 56 31
Tug 0.0145 52 32 55 38
Tug 0.0144 50 18 55 31
